MSE: 0.00165
SZE: 1020522.12500
BMP: 0.00000%
MRE: 22.08%
BMPRE: 0.00000%
RMSE: 0.04067
Valor mínimo de D_gt: 0.015625
Valor máximo de D_gt: 0.2890625
Valor mínimo de D_est: 0.0011335784802213311
Valor máximo de D_est: 0.2890625
Primeros 1000 valores de D_gt:
0.00000
0.00000
0.00000
0.00000
0.00000
0.00000
0.00000
0.00000
0.00000
0.00000
0.00000
0.00000
0.00000
0.00000
0.00000
0.00000
0.00000
0.00000
0.00000
0.00000
0.00000
0.00000
0.00000
0.00000
0.00000
0.00000
0.00000
0.00000
0.00000
0.00000
0.00000
0.00000
0.00000
0.00000
0.00000
0.00000
0.00000
0.00000
0.00000
0.00000
0.00000
0.00000
0.00000
0.00000
0.00000
0.00000
0.00000
0.00000
0.00000
0.00000
0.00000
0.00000
0.00000
0.00000
0.00000
0.00000
0.00000
0.00000
0.00000
0.00000
0.00000
0.00000
0.00000
0.00000
0.00000
0.00000
0.00000
0.00000
0.00000
0.00000
0.00000
0.00000
0.00000
0.00000
0.00000
0.00000
0.00000
0.00000
0.00000
0.00000
0.00000
0.00000
0.00000
0.00000
0.00000
0.00000
0.00000
0.00000
0.00000
0.00000
0.00000
0.00000
0.00000
0.00000
0.00000
0.00000
0.00000
0.00000
0.00000
0.00000
Primeros 1000 valores de D_est:
0.03061
0.03061
0.03061
0.02947
0.03061
0.03061
0.03061
0.03061
0.03287
0.03287
0.03401
0.03401
0.03514
0.03401
0.03401
0.03401
0.03287
0.03287
0.03287
0.03287
0.03287
0.03287
0.03287
0.03287
0.03287
0.03287
0.03287
0.03287
0.03287
0.03287
0.03287
0.03287
0.03287
0.03287
0.03287
0.03287
0.03287
0.03174
0.03174
0.03174
0.03174
0.03174
0.03174
0.03174
0.03061
0.03061
0.03061
0.03061
0.03061
0.03061
0.03061
0.03061
0.03061
0.03061
0.03061
0.03061
0.02947
0.02947
0.02947
0.02947
0.02947
0.02947
0.02947
0.02947
0.02947
0.02947
0.02947
0.02947
0.02947
0.03174
0.03287
0.03401
0.03854
0.03854
0.03854
0.03741
0.03401
0.03401
0.03287
0.03287
0.03061
0.03061
0.03061
0.02947
0.02947
0.02947
0.02947
0.03174
0.03061
0.03061
0.03174
0.03174
0.03174
0.03174
0.03174
0.03174
0.03401
0.03514
0.03741
0.03854
