bicycle 0.00 0 -10 98 726 111 936 -1 -1 -1 -1 -1 -1 -1 0.7447
bicycle 0.00 0 -10 277 813 290 917 -1 -1 -1 -1 -1 -1 -1 0.5746
bicycle 0.00 0 -10 275 799 288 913 -1 -1 -1 -1 -1 -1 -1 0.5828
bicycle 0.00 0 -10 266 739 282 927 -1 -1 -1 -1 -1 -1 -1 0.9806
bicycle 0.00 0 -10 346 906 369 1156 -1 -1 -1 -1 -1 -1 -1 0.7200
car 0.00 0 -10 249 685 265 838 -1 -1 -1 -1 -1 -1 -1 0.6453
bicycle 0.00 0 -10 256 726 272 923 -1 -1 -1 -1 -1 -1 -1 0.7285
bicycle 0.00 0 -10 100 692 127 931 -1 -1 -1 -1 -1 -1 -1 0.9796
bicycle 0.00 0 -10 289 737 303 925 -1 -1 -1 -1 -1 -1 -1 0.9563
bicycle 0.00 0 -10 91 736 103 939 -1 -1 -1 -1 -1 -1 -1 0.8331
bicycle 0.00 0 -10 74 682 126 944 -1 -1 -1 -1 -1 -1 -1 0.8639
bicycle 0.00 0 -10 75 683 95 943 -1 -1 -1 -1 -1 -1 -1 0.9595
person 0.00 0 -10 213 500 244 1017 -1 -1 -1 -1 -1 -1 -1 0.9998
bicycle 0.00 0 -10 263 721 277 928 -1 -1 -1 -1 -1 -1 -1 0.8347
bicycle 0.00 0 -10 110 714 127 904 -1 -1 -1 -1 -1 -1 -1 0.5963
