MSE: 0.00401
SZE: 1638029.50000
BMP: 0.00000%
MRE: 54.50%
BMPRE: 0.00000%
RMSE: 0.06336
Valor mínimo de D_gt: 0.015625
Valor máximo de D_gt: 0.43359375
Valor mínimo de D_est: 0.0017003677785396576
Valor máximo de D_est: 0.43359375
Primeros 1000 valores de D_gt:
0.00000
0.00000
0.00000
0.00000
0.00000
0.00000
0.00000
0.00000
0.00000
0.00000
0.00000
0.00000
0.00000
0.00000
0.00000
0.00000
0.00000
0.00000
0.00000
0.00000
0.00000
0.00000
0.00000
0.00000
0.00000
0.00000
0.00000
0.00000
0.00000
0.00000
0.00000
0.00000
0.00000
0.00000
0.00000
0.00000
0.00000
0.00000
0.00000
0.00000
0.00000
0.00000
0.00000
0.00000
0.00000
0.00000
0.00000
0.00000
0.00000
0.00000
0.00000
0.00000
0.00000
0.00000
0.00000
0.00000
0.00000
0.00000
0.00000
0.00000
0.00000
0.00000
0.00000
0.00000
0.00000
0.00000
0.00000
0.00000
0.00000
0.00000
0.00000
0.00000
0.00000
0.00000
0.00000
0.00000
0.00000
0.00000
0.00000
0.00000
0.00000
0.00000
0.00000
0.00000
0.00000
0.00000
0.00000
0.00000
0.00000
0.00000
0.00000
0.00000
0.00000
0.00000
0.00000
0.00000
0.00000
0.00000
0.00000
0.00000
Primeros 1000 valores de D_est:
0.01530
0.01530
0.01530
0.01530
0.01530
0.01530
0.01530
0.01530
0.01530
0.01530
0.01530
0.01530
0.01530
0.01530
0.01530
0.01530
0.01530
0.01530
0.01530
0.01530
0.01530
0.01530
0.01530
0.01530
0.01530
0.01530
0.01530
0.01530
0.01530
0.01360
0.01360
0.01360
0.01360
0.01360
0.01360
0.01360
0.01360
0.01360
0.01360
0.01360
0.01360
0.01360
0.01360
0.01360
0.01360
0.01360
0.01360
0.01360
0.01360
0.01700
0.01700
0.02040
0.31457
0.01870
0.01700
0.01700
0.01700
0.01700
0.01700
0.00000
0.00000
0.00000
0.00000
0.00000
0.00000
0.00000
0.00000
0.00000
0.00000
0.00000
0.00000
0.00000
0.00000
0.00000
0.00000
0.00000
0.00000
0.00000
0.00000
0.00000
0.00000
0.00000
0.00000
0.00000
0.00000
0.00000
0.00000
0.00000
0.00000
0.00000
0.00000
0.00000
0.00000
0.00000
0.00000
0.00000
0.00000
0.00000
0.00000
0.00000
